2000
304
276
306
316
289
276
300
290
302
281
327
291
295
299
287
266
294
304
327
306
293
275
313
292
286
286
299
278
284
295
298
272
285
271
277
284
278
261
295
325
306
284
298
301
314
300
317
313
289
259
294
307
294
320
290
326
298
283
332
295
265
291
288
291
325
298
294
272
295
301
266
298
296
303
279
307
295
293
287
324
295
298
316
290
309
285
279
274
317
280
284
276
294
284
278
299
276
249
299
300
316
288
281
300
286
251
280
290
309
263
287
322
287
310
312
281
287
296
316
279
265
313
285
295
311
305
297
310
282
299
292
317
318
284
262
273
297
304
271
297
309
304
300
308
288
275
287
272
311
309
303
299
288
315
309
284
326
292
283
286
274
286
283
313
336
287
318
265
280
293
297
294
270
307
273
289
321
291
282
278
273
286
283
284
282
283
295
274
281
274
299
296
287
286
280
264
280
303
326
267
307
294
289
301
318
310
269
324
310
316
305
306
285
304
276
296
318
284
276
297
286
280
298
283
292
288
278
306
319
311
304
307
296
301
300
300
275
317
295
281
292
265
293
311
327
294
293
289
314
305
275
292
326
278
289
292
310
292
311
288
298
293
294
292
279
296
304
299
293
251
293
318
293
311
299
296
276
294
293
272
297
290
298
289
277
304
288
271
289
302
284
291
294
299
316
315
293
306
284
304
271
287
310
286
280
286
290
310
293
301
319
304
285
304
296
298
301
285
278
301
285
268
297
305
288
264
291
259
286
313
283
290
285
280
288
313
277
267
285
291
283
286
301
319
282
307
300
283
280
282
296
271
301
308
274
287
281
304
287
278
289
303
318
303
295
286
294
317
289
289
304
303
294
270
288
291
301
290
316
290
298
304
311
277
310
316
306
304
294
298
312
288
308
289
279
303
275
319
292
297
310
297
302
273
287
282
292
289
301
306
290
304
297
290
283
300
268
294
280
315
311
301
321
330
255
274
304
305
304
310
276
293
297
286
312
291
296
286
302
301
313
312
256
294
302
302
303
333
310
302
281
276
284
261
295
319
298
285
306
307
287
312
292
299
289
313
282
305
291
289
296
282
299
285
297
304
293
298
285
333
288
262
316
307
316
278
295
276
308
282
318
301
306
301
285
303
289
275
281
304
300
302
258
289
281
279
293
287
309
272
290
291
293
301
299
274
283
291
291
276
321
306
286
302
308
284
278
279
299
303
314
297
313
298
302
302
289
270
282
293
290
283
293
286
288
285
304
271
300
287
296
273
321
290
292
299
304
304
317
294
292
303
278
304
293
280
288
275
286
286
288
288
268
287
325
305
280
326
310
278
291
290
288
296
281
307
264
304
302
306
283
284
300
304
300
302
282
296
302
307
313
308
282
269
315
299
272
289
282
298
313
273
273
297
301
303
285
275
264
317
299
332
298
289
298
292
284
306
288
310
304
280
256
297
315
294
284
308
315
276
301
274
323
264
301
300
271
285
325
307
322
318
282
299
314
294
305
297
293
302
315
305
295
296
301
312
290
289
290
296
291
307
311
342
317
335
320
287
300
304
258
285
264
306
312
289
341
307
288
291
310
274
284
292
325
303
315
304
310
313
290
283
323
292
287
293
303
286
281
317
295
300
268
297
301
309
268
303
302
305
291
272
316
313
290
308
293
272
301
301
324
327
316
302
314
292
304
296
331
295
303
317
300
304
303
308
314
296
290
277
279
296
293
322
323
296
307
310
283
278
285
276
302
324
288
300
301
292
322
306
289
293
301
322
312
272
277
269
293
300
299
296
288
316
320
295
292
303
323
301
310
309
281
304
305
275
322
277
301
294
299
317
299
305
305
323
294
285
285
292
292
309
294
303
282
293
306
277
287
291
314
285
321
295
309
281
296
312
256
292
302
277
294
323
281
302
307
285
291
280
294
293
301
336
290
283
287
286
331
296
264
296
282
276
302
317
264
303
302
294
295
305
299
292
298
293
295
285
297
314
309
283
307
299
303
286
288
307
304
308
302
336
304
282
281
298
304
312
277
319
333
300
336
304
319
266
295
282
305
286
310
302
331
280
291
301
313
285
301
277
319
287
282
304
290
322
283
311
321
307
322
285
284
322
297
336
288
310
288
297
290
292
281
293
304
305
305
277
307
279
299
292
285
295
271
314
283
269
335
296
305
311
283
299
281
315
268
304
301
292
284
287
303
297
298
310
311
281
305
327
315
334
327
310
312
288
304
317
303
313
309
317
292
295
298
277
297
294
318
282
301
301
291
309
279
294
267
296
315
304
315
293
311
302
307
305
307
278
314
305
327
314
283
286
305
293
289
302
298
296
309
292
304
274
319
300
286
278
305
303
302
329
291
283
297
306
291
297
307
268
308
294
298
302
284
306
281
277
305
312
299
354
292
279
310
285
311
296
310
302
278
299
290
289
291
286
293
324
315
276
286
305
289
294
278
333
316
284
316
300
304
300
298
296
276
288
261
301
301
315
291
278
281
305
287
301
293
306
319
296
300
296
307
290
304
299
287
302
328
313
295
299
310
302
284
309
312
279
295
301
301
306
300
282
289
283
318
303
299
292
309
321
290
335
300
298
295
270
310
277
326
301
293
320
309
316
301
318
307
299
310
294
323
322
295
299
304
280
308
297
312
305
302
275
301
302
292
299
296
273
279
313
281
305
262
271
291
279
304
288
311
317
287
302
298
313
304
300
301
273
294
302
301
287
282
288
290
315
307
312
296
309
285
298
293
310
301
317
289
310
297
313
317
285
324
331
295
291
311
300
284
289
294
334
291
283
306
324
282
294
305
324
300
318
282
298
300
306
303
290
295
311
287
323
288
270
315
312
297
315
294
258
307
307
292
316
304
302
295
319
290
288
306
297
271
310
311
301
320
282
292
297
311
309
314
298
314
314
294
304
267
329
279
287
317
284
302
313
301
284
329
288
323
294
311
286
284
289
283
282
291
292
291
263
286
329
309
312
307
288
288
299
296
322
265
307
310
289
305
310
308
290
300
294
273
324
273
303
283
287
329
292
295
310
340
308
301
306
290
332
287
315
309
328
279
320
321
303
288
307
321
313
322
325
309
322
294
288
305
304
321
312
326
276
294
289
305
304
289
319
342
302
274
289
327
296
297
292
310
294
283
308
297
287
267
318
294
308
317
295
302
297
309
312
329
274
310
317
295
297
281
262
297
293
303
310
306
314
308
294
303
286
305
279
320
314
317
301
289
292
290
303
296
287
283
306
288
282
285
288
312
326
291
318
297
319
296
280
297
303
298
286
297
312
323
331
317
308
305
322
329
320
311
299
317
286
283
313
299
313
318
289
295
285
287
305
312
325
318
286
277
297
282
307
292
293
303
310
304
276
304
278
301
316
335
310
331
275
270
288
280
307
343
307
295
312
288
286
290
311
327
285
278
308
328
307
329
302
330
309
304
292
309
279
287
301
281
314
298
285
310
322
294
295
319
307
291
292
309
266
332
307
342
307
291
319
330
292
304
299
290
309
295
309
289
280
305
304
276
281
350
325
336
275
292
284
312
308
306
290
291
286
328
300
270
287
302
303
300
294
293
300
319
314
259
328
310
306
315
292
317
329
288
309
316
304
293
280
318
306
277
308
352
286
311
312
277
308
265
308
303
298
307
306
302
305
318
290
311
298
320
321
286
282
327
313
280
326
303
293
329
324
312
289
290
326
294
300
311
293
321
313
309
298
286
310
305
307
310
278
297
291
330
294
310
321
297
309
312
297
319
292
309
304
321
310
290
299
310
294
322
308
304
274
310
304
324
302
300
308
292
300
300
279
330
311
301
306
290
274
306
296
316
317
302
308
288
303
304
298
276
291
303
310
314
305
273
273
317
299
315
297
321
272
306
312
299
326
297
288
289
296
307
288
334
308
292
317
308
298
329
288
332
307
306
279
290
328
318
286
300
305
274
321
302
285
301
293
325
293
294
308
310
287
313
281
305
319
329
289
316
293
314
320
281
327
290
286
314
302
309
315
285
296
303
306
290
301
311
270
293
316
299
304
284
300
319
351
304
307
289
324
268
302
311
302
310
297
311
296
289
309
286
292
311
303
305
298
322
265
260
305
311
303
319
320
270
302
335
315
266
300
323
303
305
297
309
295
320
305
320
306
274
293
273
277
328
319
309
315
284
316
299
326
300
293
293
279
307
290
304
295
293
301
280
327
300
331
308
278
307
335
309
329
279
312
300
293
292
293
277
318
283
293
323
309
324
319
270
287
336
328
294
303
290
299
289
317
291
295
289
327
297
294
304
299
291
307
314
309
295
296
318
291
282
265
307
297
314
313
322
306
296
296
310
334
296
302
270
301
279
289
294
303
323
305
323
319
318
309
312
293
308
295
307
313
309
303
294
328
326
320
340
309
286
298
292
297
280
318
305
293
273
270
324
298
267
300
332
286
317
298
302
311
296
307
282
293
316
282
277
308
282
312
291
306
304
310
324
294
291
266
285
295
305
279
309
298
315
298
307
287
312
292
317
323
309
278
308
314
304
294
315
295
322
283
324
298
316
316
