198  0.000000
199  0.000000
200  0.000000
201  0.000000
202  0.000000
203  0.000001
204  0.000001
205  0.000001
206  0.000002
207  0.000003
208  0.000004
209  0.000005
210  0.000008
211  0.000011
212  0.000016
213  0.000022
214  0.000031
215  0.000044
216  0.000061
217  0.000084
218  0.000116
219  0.000160
220  0.000220
221  0.000301
222  0.000410
223  0.000555
224  0.000750
225  0.001008
226  0.001350
227  0.001802
228  0.002394
229  0.003169
230  0.004177
231  0.005484
232  0.007172
233  0.009342
234  0.012119
235  0.015659
236  0.020153
237  0.025832
238  0.032979
239  0.041937
240  0.053114
241  0.067001
242  0.084181
243  0.105344
244  0.131302
245  0.163002
246  0.201546
247  0.248211
248  0.304458
249  0.371960
250  0.452613
251  0.548554
252  0.662177
253  0.796142
254  0.953387
255  1.137129
256  1.350866
257  1.598367
258  1.883660
259  2.211010
260  2.584883
261  3.009906
262  3.490815
263  4.032392
264  4.639386
265  5.316431
266  6.067947
267  6.898035
268  7.810357
269  8.808020
270  9.893447
271 11.068248
272 12.333095
273 13.687596
274 15.130184
275 16.658010
276 18.266869
277 19.951103
278 21.703596
279 23.515724
280 25.377390
281 27.277054
282 29.201820
283 31.137541
284 33.068966
285 34.979919
286 36.853519
287 38.672398
288 40.418953
289 42.075665
290 43.625343
291 45.051434
292 46.338326
293 47.471611
294 48.438374
295 49.227413
296 49.829487
297 50.237473
298 50.446495
299 50.454071
300 50.260098
301 49.866898
302 49.279163
303 48.503853
304 47.550056
305 46.428837
306 45.152985
307 43.736805
308 42.195835
309 40.546562
310 38.806137
311 36.992073
312 35.121971
313 33.213226
314 31.282766
315 29.346825
316 27.420732
317 25.518724
318 23.653790
319 21.837574
320 20.080294
321 18.390673
322 16.775948
323 15.241877
324 13.792781
325 12.431602
326 11.160001
327  9.978456
328  8.886370
329  7.882198
330  6.963575
331  6.127440
332  5.370166
333  4.687686
334  4.075595
335  3.529276
336  3.043982
337  2.614932
338  2.237385
339  1.906703
340  1.618404
341  1.368211
342  1.152076
343  0.966209
344  0.807092
345  0.671485
346  0.556432
347  0.459251
348  0.377528
349  0.309109
350  0.252078
351  0.204748
352  0.165641
353  0.133468
354  0.107114
355  0.085621
356  0.068167
357  0.054055
358  0.042692
359  0.033584
360  0.026313
361  0.020534
362  0.015960
363  0.012356
364  0.009527
365  0.007317
366  0.005597
367  0.004264
368  0.003236
369  0.002445
370  0.001841
371  0.001380
372  0.001031
373  0.000767
374  0.000568
375  0.000419
376  0.000308
377  0.000225
378  0.000164
379  0.000119
380  0.000086
381  0.000062
382  0.000045
383  0.000032
384  0.000023
385  0.000016
386  0.000011
387  0.000008
388  0.000006
389  0.000004
390  0.000003
391  0.000002
392  0.000001
393  0.000001
394  0.000001
395  0.000000
396  0.000000
397  0.000000
398  0.000000
