   0.00000000       0.00000000    
  0.188495561      0.187381312    
  0.376991123      0.368124545    
  0.565486670      0.535826802    
  0.753982246      0.684547126    
  0.942477822      0.809017003    
   1.13097334      0.904827058    
   1.31946898      0.968583167    
   1.50796449      0.998026729    
   1.69646013      0.992114663    
   1.88495564      0.951056480    
   2.07345104      0.876306713    
   2.26194668      0.770513237    
   2.45044208      0.637424111    
   2.63893795      0.481753558    
   2.82743359      0.309016794    
   3.01592898      0.125333205    
   3.20442462      -6.27906322E-02
   3.39292026     -0.248690069    
   3.58141565     -0.425779313    
   3.76991129     -0.587785363    
   3.95840669     -0.728968561    
   4.14690208     -0.844327807    
   4.33539772     -0.929776430    
   4.52389336     -0.982287228    
   4.71238899      -1.00000000    
   4.90088415     -0.982287347    
   5.08938026     -0.929776430    
   5.27787590     -0.844327807    
   5.46637106     -0.728968740    
   5.65486717     -0.587784946    
   5.84336233     -0.425779283    
   6.03185797     -0.248689815    
   6.22035360      -6.27903715E-02
   6.40884924      0.125333458    
   6.59734440      0.309016824    
   6.78584051      0.481754005    
   6.97433567      0.637423992    
   7.16283131      0.770513296    
   7.35132647      0.876306534    
   7.53982258      0.951056600    
   7.72831774      0.992114663    
   7.91681337      0.998026729    
   8.10530949      0.968583047    
   8.29380417      0.904827237    
   8.48229980      0.809017181    
   8.67079544      0.684547305    
   8.85929108      0.535826981    
   9.04778671      0.368124664    
   9.23628235      0.187381372    
   9.42477798      -2.38497613E-08
   9.61327362     -0.187381417    
   9.80176830     -0.368123829    
   9.99026394     -0.535826206    
   10.1787605     -0.684547365    
   10.3672562     -0.809017241    
   10.5557518     -0.904827237    
   10.7442465     -0.968583047    
   10.9327421     -0.998026729    
   11.1212378     -0.992114723    
   11.3097343     -0.951056242    
   11.4982290     -0.876306713    
   11.6867247     -0.770513237    
   11.8752203     -0.637423933    
   12.0637159     -0.481753558    
   12.2522106     -0.309017688    
   12.4407072     -0.125332937    
   12.6292028       6.27908930E-02
   12.8176985      0.248690322    
   13.0061932      0.425778896    
   13.1946888      0.587784946    
   13.3831844      0.728968441    
   13.5716810      0.844328344    
   13.7601767      0.929776788    
   13.9486713      0.982287228    
   14.1371670       1.00000000    
   14.3256626      0.982287228    
   14.5141573      0.929776788    
   14.7026529      0.844328284    
   14.8911495      0.728968382    
   15.0796452      0.587784886    
   15.2681408      0.425778836    
   15.4566355      0.248690262    
   15.6451311       6.27908260E-02
   15.8336267     -0.125333011    
   16.0221233     -0.309017748    
   16.2106190     -0.481754452    
   16.3991146     -0.637424707    
   16.5876083     -0.770512700    
   16.7761040     -0.876306295    
   16.9645996     -0.951056302    
   17.1530972     -0.992114842    
   17.3415909     -0.998026788    
   17.5300865     -0.968583286    
   17.7185822     -0.904827237    
   17.9070778     -0.809017181    
   18.0955734     -0.684547305    
   18.2840691     -0.535826921    
   18.4725647     -0.368124664    
   18.6610603     -0.187381342    
   18.8495560       4.76995226E-08